x-grades
-87/2
-39
-69/2
-30
-51/2
-21
-33/2
-12
-15/2
-3

y-grades
144511/125000
144511/62500
433533/125000
144511/31250
144511/25000
433533/62500
1011577/125000
144511/15625
1300599/125000
144511/12500

Dimensions > 0:



(3, 2, 1)

(4, 2, 2)

(5, 0, 1)
(5, 1, 1)

(6, 0, 1)

(7, 0, 2)

(8, 0, 3)

(9, 0, 2)


Betti numbers:
xi_0:
(3, 2, 1)
(4, 2, 1)
(5, 0, 1)
(5, 1, 1)
(7, 0, 1)
(8, 0, 1)
xi_1:
(3, 3, 1)
(4, 3, 1)
(5, 1, 1)
(5, 2, 3)
(6, 1, 1)
(7, 1, 1)
(8, 1, 1)
(9, 0, 1)
xi_2:
(5, 3, 2)
(6, 2, 1)
(9, 1, 1)
