x-grades
-637792907106239747/138350580552821637120
-309334607840549867/69175290276410818560
-199848508085319907/46116860184273879040
-145105458207704927/34587645138205409280
-112259628281135939/27670116110564327424
-90362408330089947/23058430092136939520
-523050758555399669/138350580552821637120
-62990883391282457/17293822569102704640
-161601125235039881/46116860184273879040
-46567968427997963/13835058055282163712
-446555992854839617/138350580552821637120
-35619358452474967/11529215046068469760
-408308610004559591/138350580552821637120
-194592459289709789/69175290276410818560
-24670748476951971/9223372036854775808
-10966797991535611/4323455642275676160
-331813844303999539/138350580552821637120
-52115025479809921/23058430092136939520
-293566461453719513/138350580552821637120
-13722138501428975/6917529027641081856
-85106359534479829/46116860184273879040
-118097693589149737/69175290276410818560
-217071695753159461/138350580552821637120
-8247833513667477/5764607523034234880
-35764862580575887/27670116110564327424
-79850310738869711/69175290276410818560
-46858976684199803/46116860184273879040
-30363309656864849/34587645138205409280
-102329547202319383/138350580552821637120
-2773528525905979/4611686018427387904

y-grades
4999879/30000000
4999879/15000000
4999879/10000000
4999879/7500000
4999879/6000000
4999879/5000000
34999153/30000000
4999879/3750000
14999637/10000000
4999879/3000000
54998669/30000000
4999879/2500000
64998427/30000000
34999153/15000000
4999879/2000000
4999879/1875000
84997943/30000000
14999637/5000000
94997701/30000000
4999879/1500000
34999153/10000000
54998669/15000000
114997217/30000000
4999879/1250000
4999879/1200000
64998427/15000000
44998911/10000000
34999153/7500000
144996491/30000000
4999879/1000000

Dimensions > 0:

(1, 11, 1)

(2, 9, 1)
(2, 10, 1)
(2, 11, 1)

(3, 2, 1)
(3, 8, 1)
(3, 9, 1)
(3, 10, 1)
(3, 11, 1)

(4, 2, 1)
(4, 4, 1)
(4, 5, 1)
(4, 8, 1)
(4, 9, 1)
(4, 10, 1)
(4, 11, 1)

(5, 2, 1)
(5, 4, 1)
(5, 5, 1)
(5, 8, 1)
(5, 9, 1)
(5, 10, 1)
(5, 11, 1)

(6, 2, 3)
(6, 4, 1)
(6, 5, 1)
(6, 8, 1)
(6, 9, 1)
(6, 10, 2)
(6, 11, 2)

(7, 2, 4)
(7, 4, 1)
(7, 5, 1)
(7, 7, 1)
(7, 8, 3)
(7, 9, 2)
(7, 10, 2)
(7, 11, 2)

(8, 2, 6)
(8, 3, 1)
(8, 4, 1)
(8, 5, 1)
(8, 6, 1)
(8, 7, 2)
(8, 8, 3)
(8, 9, 2)
(8, 10, 2)
(8, 11, 2)

(9, 2, 7)
(9, 3, 1)
(9, 4, 2)
(9, 5, 2)
(9, 6, 2)
(9, 7, 2)
(9, 8, 3)
(9, 9, 2)
(9, 10, 2)
(9, 11, 2)

(10, 2, 7)
(10, 3, 4)
(10, 4, 2)
(10, 5, 2)
(10, 6, 2)
(10, 7, 2)
(10, 8, 3)
(10, 9, 2)
(10, 10, 2)
(10, 11, 2)

(11, 2, 8)
(11, 3, 4)
(11, 4, 2)
(11, 5, 2)
(11, 6, 2)
(11, 7, 2)
(11, 8, 3)
(11, 9, 2)
(11, 10, 2)
(11, 11, 2)

(12, 2, 8)
(12, 3, 4)
(12, 4, 2)
(12, 5, 2)
(12, 6, 2)
(12, 7, 2)
(12, 8, 3)
(12, 9, 2)
(12, 10, 2)
(12, 11, 2)

(13, 2, 8)
(13, 3, 4)
(13, 4, 2)
(13, 5, 2)
(13, 6, 2)
(13, 7, 2)
(13, 8, 3)
(13, 9, 2)
(13, 10, 2)
(13, 11, 2)

(14, 2, 8)
(14, 3, 4)
(14, 4, 2)
(14, 5, 2)
(14, 6, 2)
(14, 7, 2)
(14, 8, 4)
(14, 9, 2)
(14, 10, 2)
(14, 11, 2)

(15, 2, 8)
(15, 3, 4)
(15, 4, 2)
(15, 5, 2)
(15, 6, 2)
(15, 7, 2)
(15, 8, 4)
(15, 9, 2)
(15, 10, 2)
(15, 11, 2)

(16, 2, 8)
(16, 3, 4)
(16, 4, 2)
(16, 5, 3)
(16, 6, 2)
(16, 7, 2)
(16, 8, 4)
(16, 9, 2)
(16, 10, 2)
(16, 11, 2)

(17, 2, 8)
(17, 3, 4)
(17, 4, 2)
(17, 5, 3)
(17, 6, 2)
(17, 7, 2)
(17, 8, 4)
(17, 9, 2)
(17, 10, 2)
(17, 11, 2)

(18, 2, 8)
(18, 3, 4)
(18, 4, 2)
(18, 5, 3)
(18, 6, 2)
(18, 7, 2)
(18, 8, 4)
(18, 9, 2)
(18, 10, 2)
(18, 11, 2)

(19, 2, 8)
(19, 3, 4)
(19, 4, 2)
(19, 5, 3)
(19, 6, 2)
(19, 7, 2)
(19, 8, 4)
(19, 9, 2)
(19, 10, 2)
(19, 11, 2)

(20, 2, 8)
(20, 3, 4)
(20, 4, 2)
(20, 5, 3)
(20, 6, 2)
(20, 7, 2)
(20, 8, 4)
(20, 9, 2)
(20, 10, 2)
(20, 11, 2)

(21, 2, 8)
(21, 3, 4)
(21, 4, 2)
(21, 5, 3)
(21, 6, 2)
(21, 7, 2)
(21, 8, 4)
(21, 9, 2)
(21, 10, 2)
(21, 11, 2)

(22, 2, 8)
(22, 3, 4)
(22, 4, 2)
(22, 5, 3)
(22, 6, 2)
(22, 7, 2)
(22, 8, 4)
(22, 9, 2)
(22, 10, 4)
(22, 11, 4)
(22, 12, 2)
(22, 13, 1)

(23, 2, 8)
(23, 3, 4)
(23, 4, 2)
(23, 5, 3)
(23, 6, 2)
(23, 7, 2)
(23, 8, 4)
(23, 9, 2)
(23, 10, 6)
(23, 11, 7)
(23, 12, 3)
(23, 13, 1)

(24, 2, 8)
(24, 3, 4)
(24, 4, 2)
(24, 5, 3)
(24, 6, 2)
(24, 7, 2)
(24, 8, 6)
(24, 9, 5)
(24, 10, 8)
(24, 11, 7)
(24, 12, 3)
(24, 13, 1)

(25, 2, 8)
(25, 3, 4)
(25, 4, 2)
(25, 5, 3)
(25, 6, 2)
(25, 7, 2)
(25, 8, 6)
(25, 9, 5)
(25, 10, 8)
(25, 11, 7)
(25, 12, 3)
(25, 13, 1)

(26, 2, 8)
(26, 3, 4)
(26, 4, 2)
(26, 5, 3)
(26, 6, 2)
(26, 7, 2)
(26, 8, 7)
(26, 9, 5)
(26, 10, 8)
(26, 11, 7)
(26, 12, 3)
(26, 13, 1)

(27, 2, 8)
(27, 3, 4)
(27, 4, 2)
(27, 5, 3)
(27, 6, 2)
(27, 7, 2)
(27, 8, 7)
(27, 9, 5)
(27, 10, 8)
(27, 11, 7)
(27, 12, 3)
(27, 13, 1)

(28, 2, 8)
(28, 3, 4)
(28, 4, 2)
(28, 5, 3)
(28, 6, 2)
(28, 7, 2)
(28, 8, 7)
(28, 9, 5)
(28, 10, 8)
(28, 11, 7)
(28, 12, 3)
(28, 13, 1)

(29, 2, 8)
(29, 3, 4)
(29, 4, 2)
(29, 5, 3)
(29, 6, 2)
(29, 7, 2)
(29, 8, 7)
(29, 9, 5)
(29, 10, 8)
(29, 11, 7)
(29, 12, 3)
(29, 13, 1)
(29, 15, 1)
(29, 16, 1)
(29, 17, 1)
(29, 18, 1)


Betti numbers:
xi_0:
(1, 11, 1)
(2, 9, 1)
(3, 2, 1)
(3, 8, 1)
(4, 4, 1)
(6, 2, 2)
(6, 10, 1)
(7, 2, 1)
(7, 7, 1)
(7, 8, 1)
(8, 2, 2)
(8, 3, 1)
(8, 6, 1)
(9, 2, 1)
(9, 4, 1)
(10, 3, 3)
(11, 2, 1)
(14, 8, 1)
(16, 5, 1)
(22, 10, 2)
(23, 10, 2)
(23, 11, 1)
(24, 8, 2)
(24, 9, 1)
(26, 8, 1)
(29, 15, 1)
xi_1:
(1, 12, 1)
(2, 11, 1)
(3, 3, 1)
(3, 9, 1)
(4, 6, 1)
(6, 3, 2)
(6, 12, 1)
(7, 3, 1)
(7, 9, 1)
(7, 10, 1)
(8, 3, 2)
(8, 4, 1)
(8, 8, 1)
(9, 3, 1)
(9, 7, 1)
(10, 4, 3)
(11, 3, 1)
(14, 9, 1)
(16, 6, 1)
(22, 13, 1)
(22, 14, 1)
(23, 12, 2)
(23, 13, 1)
(24, 10, 1)
(24, 11, 2)
(26, 9, 1)
(29, 19, 1)
xi_2:
